IbuprofenTower
VaccineTower
3 1 1 1
4 2 1 2 1
5 2 1 2 1 2
6 2 2 2 2 2 2
9 2 2 1 2 2 1 2 2 1
8 2 2 2 2 2 2 2 2
9 1 1 1 1 1 1 1 1 1
12 2 2 2 1 2 2 2 1 2 2 2 1 1
15 1 1 1 1 1 2 2 2 1 2 2 2 2 1 2
20 2 2 2 2 2 1 1 1 1 1 2 2 2 2 2 2 1 1 1 2
30
12
++++++++++++++++++++++++++++++
++++++++++++++++++++++++++++++
S....++++++++++++++++++++....F
.....++++++++++++++++++++.....
+++..++++++++++++++++++++..+++
+++..++++++++++++++++++++..+++
+++..++++++++++++++++++++..+++
+++..++++++++++++++++++++..+++
+++........................+++
+++........................+++
++++++++++++++++++++++++++++++
++++++++++++++++++++++++++++++