IbuprofenTower
LysolTower
CTower
B12Tower
DTower
FebrezeTower
HandSanitizerTower
AlkaSeltzerTower
ProbioticTower
TumsTower
VaccineTower
6 1 2 2 1 3 1 We have given your immune system everything it needs to succeed poop ...But the virus will stop at nothing
15 1 1 1 2 1 1 1 2 1 1 1 2 1 1 1 Quantity over Quality
8 2 2 5 5 3 2 3 3 Watch the skies! 
12 5 5 2 2 5 4 4 3 4 1 2 5 
20 6 5 4 4 3 3 2 2 6 5 5 3 3 2 2 5 3 3 4 4
20 4 4 4 5 5 4 4 3 3 3 2 2 6 6 6 4 4 4 4 4
10 6 6 6 6 6 6 6 6 6 6 Party like it's "2020"
25 5 6 4 3 5 6 2 3 4 5 6 4 3 5 6 6 2 3 4 4 5 6 3 4 5
30 5 6 4 6 2 4 5 6 6 6 4 3 4 5 5 6 6 3 4 4 3 4 6 6 6 6 5 4 5 6
35 6 4 5 5 5 5 6 3 4 4 4 3 5 6 6 5 6 5 4 4 3 4 5 5 6 6 5 4 4 5 5 6 4 3 6
45
18
+++++++++++++++++++++++++++++++++++++++++++++
+++++++++++.........+++++++++++++++++++++++++
+++++++++.............+++++++++++++++++++++++
++++++++..+++++++++++..++++++++++++++++++++++
+++++++..++++++++++++..+++++++++++++++++++++
++++++..+++++++++++++++..++++++++++.........F
+++++..+++++++++++++++++..++++++++.++++++++++
++++..+++++++++++++++++++..++++++.+++++++++++
S....+++++++++++++++++++++.......++++++++++++
`````+++++++++++++++++++++```````++++++++++++
++++``+++++++++++++++++++``++++++`+++++++++++
+++++``+++++++++++++++++``++++++++`++++++++++
++++++``+++++++++++++++``++++++++++``````````
+++++++``+++++++++++++``+++++++++++++++++++++
++++++++``+++++++++++``++++++++++++++++++++++
+++++++++`````````````+++++++++++++++++++++++
+++++++++++``````````++++++++++++++++++++++++
+++++++++++++++++++++++++++++++++++++++++++++
